3
20610
30100
30110
30120
30130
30170
30171
40120
40142
40144
40146
80000
30020000
30020010
30020020
30020030
30040000
31000000
31000010
31000011
31030000
31030010
31030020
31150010
31150020
31170010
31170020
31170030
31170040
31170050
31170060
31170070
31170080
32010000
32010010
32010020
32010030
32010040
34100000
34100010
34100070
34100080
34100090
34100100
34100110
34100500
30200
30201
30202
30205
30206
30210
30225
30240
30241
30245
30250
30255
30260
30261
30265
40202
40204
40206
40208
40210
40218
40224
40236
40238
40252
40254
40256
40258
40260
40262
40264
80010
30030000
30030010
30030020
30030030
30030040
30050000
30050010
30050030
30050040
30060000
30060010
30060020
30060030
30060040
30060050
30060060
30060070
30060080
31040000
31040010
31040020
31040030
31040040
31040050
31040060
31040061
31040062
31050000
31050010
31050020
31050030
31050040
31050050
31050060
31050070
31050100
31060000
31060010
31060100
31060110
32020000
32020010
32020020
32020030
32020040
32020060
32020070
32020900
34110010
34110060
34110080
34110100
34110110
34110120
34110200
34110400
34110401
34110402
34110403
34110500
34110501
34110700
34110710
1038410200
1037440210
1034480200
30186
40132
40136
40138
40140
30000010
30000020
30000030
30000040
30010010
30010020
31010000
31010010
31010020
31010030
31010040
31010100
31020000
31020010
31020020
31020030
31020040
31020050
32000000
32000010
32000020
32000030
32000060
32000070
32000900
101800
101810
101820
101830
101840
101841
101842
101843
111800
111801
111802
111803
111804
111810
300000000
300000001
300000002
300000003
300000004
300000005
300000006
300000007
300000008
300000009
300000010
300000100
300000101
300000102
300000103
300000104
300000105
300000106
300000107
300000108
300000110
300000200
300000201
300000202
300000203
300000204
300000205
300000206
300000300
300000301
300000302
300000303
300000304
300000305
300000306
300000400
300000401
300000402
300000403
300000404
300000405
300000406
300000500
300000501
300000502
300000503
300000504
300000505
300000506
300000510
301000000
301000001
301000002
301000003
301000004
301000005
301000010
301000100
301000101
301000102
301000103
301000104
301000105
942370060
942370070
944360200
308000000
308000001
308000010
308000011
308000012
308000020
308000021
308000022
308000023
308000030
308000031
308000032
308000040
308000041
308000042
308000050
308000051
308000052
308000053
308000100
308000101
308000110
308000111
308000112
308000113
308000114
308000120
308000121
308000122
308000123
308000124
308000125
308000130
308000131
308000132
308000133
308000134
308000140
308000141
308000142
308000143
308000144
308000150
308000151
308000152
308000153
308000154
308000155
308000200
308000201
308000202
308000210
308000211
308000212
308000213
308000220
308000221
308000222
308000223
308000224
308000230
308000231
308000232
308000233
308000240
308000241
308000242
308000243
308000250
308000251
308000252
308000253
308000254
308000300
308000301
308000310
308000311
308000312
308000320
308000321
308000322
308000323
308000330
308000331
308000332
308000340
308000341
308000342
308000350
308000351
308000352
308000353
308000400
308000401
308000410
308000411
308000412
308000420
308000421
308000422
308000423
308000430
308000431
308000432
308000440
308000441
308000442
308000450
308000451
308000452
308000453
336000000
336000001
336000002
336000003
336000004
336000005
336000006
336000100
336000101
336000102
336000103
336000104
336000105
345000000
345000001
345000100
345000101
345100000
345100001
346000000
346000001
318000000
318000001
416000000
416000001
416000010
416000011
416000012
416030100
416030101
416030102
416100000
416100001
416100010
416100011
416100012
416100130
416100131
416100132
227100000
227100001
227100500
227100501
227100502